1    2    366.9223351064579
4    5    41.773197148410844
5    6    47.853944456021594
6    7    32.984845005054225
7    8    24.18677324478013
8    9    41.48493702538308
9    10    29.732137495514078
10    11    54.0370243434945
11    12    25.94224354297139
12    13    39.2045915670889
13    15    34.13209633254331
15    16    28.460498941515414
16    17    31.78049716414141
17    18    92.11405973031478
18    19    34.438350715445125
19    20    35.608987629242016
3    4    38.94868418799005
21    8    53.150729063673246
21    22    60.72890580303195
22    23    30.01666203960727
23    24    66.37017402418047
24    25    34.713109915419565
25    26    33
26    15    49.72926703662542
26    27    24.515301344262525
27    16    46.8187996428785
28    29    46.27094120411123
29    30    67.02984409947557
30    31    52.009614495783374
31    32    55.08175741568164
32    22    101.17806086301516
33    31    55.14526271584895
33    34    46.04345773292581
34    35    102.08329931972223
35    36    40.24922359457972
36    37    90.0777441999665
37    34    52.392747589718944
38    39    24.18677324483789
39    40    22.02271554554524
40    41    33.37663853669679
41    42    57.38466694143577
42    43    46.861498055082194
44    45    103.4842983258813
45    46    68.54195795277518
46    47    25.632011236388607
48    47    158.42032697969634
48    49    159.42396306791335
49    50    209.7450833741993
51    50    248.20153102283376
52    51    75.92759709227438
52    53    133.37541002748594
53    54    71.11258679024411
54    55    61.554853586049575
55    56    67.20863039818622
56    57    104.9952379872535
57    58    75.8023746329889
58    59    226.49061790723252
59    60    51.97114584074513
60    61    50.2195181175787
61    62    35.12833614142851
62    63    21.99999999953434
63    64    22.561028345356956
64    65    64.03124237432849
65    66    28.071337695236398
66    67    41.30375285520229
67    68    34.058772731852805
68    69    33.24154027718932
69    70    29
70    71    53.33854141237835
71    20    28.017851462016456
71    72    115.45128842975035
72    73    31.016124838211347
73    74    40.804411525932444
74    75    235.84952830175075
75    76    182.2361105818493
76    77    84.59905436901909
76    260    147.73286704490826
78    66    146.81961721824425
75    79    43.324358046072746
79    80    428.41218470066883
80    81    428.2627698042727
81    82    210.63950246828935
11    83    57.72347876327777
83    84    80.36168241159103
84    85    83.16850365372699
86    87    38.60051813097217
88    3    524.6656077970322
87    88    228.77936969841736
87    89    23.323807579780503
89    90    137.35355838169133
90    79    119.87076373635536
91    92    89.28605714207369
92    16    78.74642849611702
91    93    31.78049716414141
93    20    43.86342438193675
91    94    66.70832032017793
94    95    29.410882339705484
95    84    30.083217912982647
96    83    26.57066051161098
97    96    23.769728647108263
96    95    79.37883848986453
94    97    78.39005038943235
97    98    47.88527957606838
98    92    30.59411708155671
83    99    32.015621186262464
99    100    29.15475947468969
100    10    59.5399025889195
100    101    52.20153254455275
101    102    39.21734310225516
102    84    57.0087712549569
102    103    20.615528128088304
103    104    55.78530272392541
104    4    59.0762219700352
1    105    284.29737952204107
105    106    174.9085475327035
2    107    131.00381671361268
107    108    363.6000550052351
110    30    48.09365862770654
111    33    41.10960961516273
112    31    86.005813724384
28    113    35.01428280098073
113    24    82.02438661684472
114    113    37.107950630558946
13    25    68.15423684532264
8    115    66.27216606973364
6    116    76.99999996693805
116    117    38.01315561749642
118    116    24.69817807079631
5    119    48.27007351239665
109    120    110.21796586596577
120    121    179.4017837146554
121    3    41.10960955126537
2    120    113.2254388692814
122    121    32.69556545002483
21    123    39.01281836902166
21    124    30.26549193776923
10    23    90.44888059008801
22    125    141.90842113859165
115    126    131.02671482963436
127    36    77.46612165558948
43    127    38.18376615839033
44    127    53.33854138105404
127    128    110.0181803155889
44    129    78.00641001444423
43    130    92.96235800954749
130    131    45.54119014687122
131    42    62.12889830474719
131    132    42.720018726587654
41    133    47.85394449306708
133    134    47.26520919284894
134    135    36.61966684773519
135    133    36.069377593407204
40    136    56.71860368627009
137    38    60.00000003678724
138    39    57.42821602446979
27    139    39.293765399414895
139    140    68.4470598345904
140    28    70.00000003771856
38    140    51.623638002334225
27    141    100.17983832357629
141    142    39.395431207184416
142    139    93.91485505457467
142    143    73.16419889536138
143    144    31.953090617340916
144    145    25.238858928247925
145    141    46.09772228646444
146    141    37.589892258425
147    145    59.93329625508679
148    144    47.885279575251516
149    148    39.44616584663204
143    150    28.635642126552707
150    151    39.204591567777804
150    152    50.59644256269407
143    153    52.55473337388365
153    14    45.310043043301135
49    154    97.34988441118087
48    155    149.84325145949515
60    156    108.04628636389629
59    157    34.13209631750882
157    158    60.8276253029822
157    159    28.30194339616981
159    160    89.44271909999159
62    161    86.28441343908881
161    162    38.91015291584971
162    163    66.28725367722605
161    164    40
166    61    242.00206612026355
166    167    63.06346010419127
167    168    57.982756057296896
168    169    63
169    167    58.52349955359813
166    170    127.94530081347105
170    171    39
171    172    76.85050422815111
172    173    210.98341167020692
173    174    361.17862616740507
174    175    33.10589071429678
175    58    32.2024843937931
176    175    43.266615304792964
174    177    80.26207074328447
172    178    30.016662039141867
171    179    166.5322791533221
180    170    57.218878003639176
166    181    67.53517601754365
67    182    254.46610777572099
68    183    116.73045876267616
183    184    44.294469180700204
184    185    56.462376853972415
184    186    49.244289009831576
183    73    113.88590784718886
72    187    61.09828150762608
70    188    80.11242102098787
189    69    33.615472642308355
68    190    66.85057966422991
66    191    37.33630940126024
191    192    68.41052550582576
191    193    20.223748416617195
91    194    99.2975327053543
194    195    40.71854614281025
195    196    43.965895873961216
196    197    36.138621999185304
197    198    41.10960958218893
198    199    45.880278987817846
199    90    161.30716040457466
199    200    44.384682042344295
198    201    75.39230729988306
201    202    46.8187996428785
202    197    76.53757247260981
196    203    39.56008088970496
203    204    50.59644256239956
204    195    40.792156107829044
203    205    60.92618484691127
203    206    76.24303246899343
206    207    32.24903099325196
207    204    53.33854141330376
194    208    33.73425558641048
94    209    63.97655821554025
210    85    31.95309063657764
210    211    24.331050121192877
86    212    26.400757584360722
212    213    28.30194339592301
213    214    27.073972741327367
212    89    36.67424163760711
215    88    825.6881978148464
216    18    62.76941934290485
65    217    93.2148056855464
217    64    122.78843591602035
65    218    138.40881477035228
218    64    106.9626102978183
46    219    124.03628497957475
219    45    106.04244431742828
218    220    250.79872407919146
218    217    223.6515146387203
217    221    181.34221791960084
221    222    228.17756243767704
222    219    241.20530674095875
219    223    232.6220109960038
223    224    337.66847646791655
222    45    142.52368227439416
46    222    128.1600561944784
220    225    139.31259814108546
225    226    359.17266042949313
226    227    203.38387350261246
173    228    106.52699189400582
55    229    154.95160536150354
229    230    101.20276676150905
231    232    46.57252408878007
232    229    75
229    233    55.97320787662612
233    231    54.67174773134658
56    234    61.29437166305931
57    235    147.56693394234856
235    51    90.42676594119901
51    236    296.58894110866777
236    237    169.00000000033066
237    238    161.61683080638997
238    239    122.01639234135715
239    240    321.97204847626136
239    241    184.71870506396107
241    53    186.19613318240826
237    242    503.7003077210605
242    243    139.6030085635693
242    244    74.62573282722254
244    245    75.0066663703967
245    246    218.56349191939628
246    247    350.0771343575584
247    236    219.20766409760466
74    196    110.7248842559091
103    248    39.35733732406858
248    249    33.2415402763208
249    250    31.400636936956648
250    104    54.40588204507566
251    249    61.741396161732524
252    248    40.00000000055879
101    253    46.32493925322382
253    5    66.12110107364875
9    254    51.03920061854621
254    7    44.01136221965153
255    256    31.78049716323296
256    257    39.56008088970496
257    85    38.60051810281572
255    85    55.10898294069758
258    86    37.36308337506682
255    258    288.2013185260289
212    259    34.52535300083638
259    258    29.410882339705484
173    261    452.76263097479944
241    262    483.72822948536106
108    263    305.19665788412317