index,   x,          y
1,       85,         805
2,      451,         779
3,      549,         460.77
4,      578,         433.23
5,      619,         425.579
6,      666,         417.249
7,      696.687,     407.736
8,      722,         406
9,      733,         366
10,     743.145,     338
11,     744.037,     284
12,     757,         261
13,     782.092,     230
14,    1050.37,       66.974
15,     801.872,     202.891
16,     805.128,     174
17,     807.639,     143.26
18,     737,          91.4141
19,     706.312,      79
20,     678.715,      60.5465
21,     774,         395
22,     832,         377
23,     832.537,     347
24,     842.191,     281
25,     844.429,     247
26,     847,         214
27,     852,         190
28,     957,         284
29,     962,         330
30,     959.426,     397
31,     960.5,       448.994
32,     906,         446
33,    1016,         444.433
34,    1062,         444.953
35,    1112,         363.327
36,    1148,         372.855
37,    1113,         448.436
38,    1008,         222
39,    1032,         225.412
40,    1054,         225.897
41,    1087,         229.337
42,    1140,         253
43,    1170,         287.783
44,    1224,         270
45,    1218.49,      165.074
46,    1236.51,      104
47,    1238.64,       80
48,    1111,           4
49,    1057,        -146
50,    1153.31,     -323.976
51,    1160,        -582
52,    1177,        -656
53,    1167,        -790.79
54,    1103.76,     -818.974
55,    1060.24,     -775.448
56,    1015.9,      -726
57,     947.825,    -646
58,     900.935,    -585
59,     749,        -418
60,     726.255,    -373
61,     690.745,    -332
62,     693.682,    -297
63,     697,        -275
64,     690.116,    -253
65,     693.18,     -189
66,     689.688,    -161
67,     687,        -120
68,     686.188,     -86
69,     683.787,     -53
70,     685,         -24
71,     678.828,      29
72,     574,         -19
73,     545,         -32.3171
74,     506,         -37.3699
75,     286,        -134.599
76,     385,        -280
77,     436.447,    -277.934
78,     564.756,    -221
79,     233.294,    -141
80,    -154,        -297
81,    -534.217,    -450
82,    -539.107,    -433.944
83,     689,         270
84,     611.102,     247.311
85,     536.091,     220.384
86,     165,         124
87,     130.956,     113
88,      42,         304.933
89,     141.498,      93
90,     216.706,     -28
91,     647,         126
92,     733,         151.891
93,     660.122,      97
94,     632,         191
95,     626.684,     219
96,     696.209,     245
97,     701.039,     222
98,     727,         180
99,     682.313,     301
100,    682.687,     330
101,    634,         315
102,    600.247,     302
103,    585.728,     321
104,    575,         375
105,   -180.899,     741
106,   -181.36,      908.92
107,    465.825,     910
108,    787.175,    1012
109,    380.447,     649
110,    912.574,     394
111,   1019,         404.567
112,    960.5,       535
113,    922.868,     281.87
114,    931,         248.13
115,    716,         471.374
116,    665.065,     493.862
117,    665.065,     531.951
118,    643.935,     485.249
119,    619.016,     473.106
120,    481.553,     671
121,    534.655,     499
122,    507.345,     486
123,    775,         433.799
124,    783.769,     396.417
125,    832.273,     514.593
126,    715.984,     600.298
127,   1197,         315.686
128,   1290.32,      366
129,   1289.08,      271.149
130,   1186.64,      198
131,   1144,         191
132,   1149.96,      192.922
133,   1078,         184
134,   1073.72,      138.506
135,   1102.28,      157.986
136,   1063.74,      228.498
137,   1008,         162
138,   1025,         280.947
139,    890,         196.513
140,    957,         214
141,    896.13,      100
142,    929.944,     116
143,    959,          48
144,    926.68,       38.4741
145,    912.887,      58
146,    865.071,      82
147,    863.113,      33.4741
148,    889.32,       13.0615
149,    907,         -19.0615
150,    965,          20
151,   1003.27,       24
152,    987.076,      21.8233
153,   1007.19,       67
154,   1057.38,      -62.8431
155,   1205.92,        6.40954
156,    812.307,    -318
157,    778,        -399.791
158,    829.639,    -372.209
159,    766.606,    -376.209
160,    839.394,    -336
161,    624,        -341.9
162,    609.247,    -309.1
163,    659.753,    -271
164,    625.799,    -333.009
165,    570,        -329
166,    485,        -456.233
167,    514,        -511.866
168,    545,        -557.134
169,    482,        -557.134
170,    376,        -521
171,    391,        -557
172,    432,        -622
173,    537,        -805
174,    846,        -618
175,    877.065,    -605.117
176,    900,        -638.883
177,    892.464,    -615.479
178,    433.987,    -619.026
179,    394.199,    -545.151
180,    320.242,    -516
181,    485.138,    -393.236
182,    685.716,    -102.021
183,    584,        -135.357
184,    545,        -158
185,    547.705,    -151.549
186,    545.237,    -112.413
187,    602.278,     -16.7827
188,    689.326,     -15.3945
189,    657.213,     -70
190,    751.271,     -85.9705
191,    729,        -156
192,    792.38,     -138
193,    728.999,    -135.973
194,    553,          94
195,    516,          81.2042
196,    474,          62.396
197,    439,          55
198,    400,          42
199,    357,          26
200,    357.183,      67.4962
201,    372.611,     112
202,    415.389,     121.757
203,    460,         101
204,    508,         117
205,    460.14,      157.687
206,    482,         169.223
207,    514,         169.169
208,    553.037,     127.096
209,    634.737,     197.639
210,    544,         191.707
211,    567.627,     194.293
212,    176.074,     100
213,    199.926,      85
214,    227,          85
215,   -708.498,      89.0673
216,    761,          38.5859
217,    780.182,    -174
218,    590.751,    -278
219,   1308.16,      203.074
220,    374.984,    -412
221,    944,         -85
222,   1125.84,       60.9262
223,   1462.39,      393
224,   1763.61,      481
225,    268,        -500
226,     30,        -764.55
227,     59.2343,   -765.884
228,    609.995,    -803.286
229,    914,        -824.055
230,    949.459,    -821.127
231,    842,        -824
232,    854,        -865.602
233,    877,        -783.729
234,   1066.76,     -697
235,   1070.56,     -566
236,   1422,        -443
237,   1541,        -562.709
238,   1419,        -669.291
239,   1417.67,     -791
240,   1697.72,     -662
241,   1292,        -925.21
242,   1881.5,      -196.291
243,   1994.81,     -195.353
244,   1823.56,     -156
245,   1877.44,     -105
246,   1711,          10.2272
247,   1576,        -287
248,    552.639,     304.886
249,    540.098,     332.933
250,    527.222,     359
251,    487.902,     309.886
252,    523.361,     279
253,    623,         360.17
254,    683.313,     369.264
255,    479,         210.707
256,    472.786,     240.293
257,    509.214,     247.852
258,    201,         133.293
259,    207.821,     106.707
260,    388.681,    -266.128
261,    516.364,    -793.722
262,   1617.92,     -937.451
263,    786.911,    1301.91
