0	1	6.12323399573677e-17	1	53.4509120586825
1	2	1	-2.44929359829471e-16	54.4242592967511
2	3	1	-2.44929359829471e-16	45.8802789878178
4	1	-1.83697019872103e-16	-1	89.4986033428684
5	2	-1.83697019872103e-16	-1	41.4366987119544
6	7	-1	1.22464679914735e-16	302.610310465814
7	8	-1.83697019872103e-16	-1	114.157785544503
8	9	1	-2.44929359829471e-16	307.079794190370
10	8	0.707106781186547	-0.707106781186548	236.129201921321
11	12	6.12323399573677e-17	1	134.134261095927
12	8	6.12323399573677e-17	1	99.5037687728460
13	14	-1.83697019872103e-16	-1	109.293183684986
14	11	-1	1.22464679914735e-16	154.175224987560
11	15	-1	1.22464679914735e-16	136.499084246012
15	16	-1	1.22464679914735e-16	71.3091859442634
16	17	-1	1.22464679914735e-16	91.0933587041339
17	18	-1	1.22464679914735e-16	43.5660418214343
18	19	-1	1.22464679914735e-16	107.154094649138
19	20	-1	1.22464679914735e-16	177.115781340597
20	21	-1	1.22464679914735e-16	209.678325060385
21	22	-1	1.22464679914735e-16	66.0984114786430
22	23	-0.707106781186548	-0.707106781186548	73.0068489930360
23	4	-1.83697019872103e-16	-1	76.0065786626395
24	22	0.707106781186547	-0.707106781186548	53.7121960079831
25	24	-1.83697019872103e-16	-1	130.061523904044
26	25	0.707106781186547	-0.707106781186548	59.6154342431555
27	26	6.12323399573677e-17	1	160.639347609147
26	26	0.707106781186548	0.707106781186548	0
28	27	0.707106781186547	-0.707106781186548	68.4762732638960
27	23	0.707106781186547	-0.707106781186548	84.1189633776138
24	27	-1	1.22464679914735e-16	85.0940655980192
29	30	1	-2.44929359829471e-16	228.484135116642
30	31	1	-2.44929359829471e-16	173.657709301948
31	32	-1.83697019872103e-16	-1	39.2937654078763
32	33	0.707106781186547	-0.707106781186548	52
33	34	-1.83697019872103e-16	-1	26.0000000009313
34	35	-1.83697019872103e-16	-1	82.8733974204026
35	20	-1.83697019872103e-16	-1	57.2712842521948
36	34	1	-2.44929359829471e-16	125.159897730386
37	38	-1	1.22464679914735e-16	49.0407993409569
38	30	6.12323399573677e-17	1	68.9492567037528
39	40	0.707106781186548	0.707106781186548	37.2021504739745
40	41	1	-2.44929359829471e-16	39.0512483795333
41	42	1	-2.44929359829471e-16	69.6347614346160
42	43	0.707106781186547	-0.707106781186548	32.8024389351898
43	31	-1.83697019872103e-16	-1	112.361025271221
44	43	-1	1.22464679914735e-16	65.9696900103343
44	45	1	-2.44929359829471e-16	94.3716058992322
45	46	1	-2.44929359829471e-16	132.815661726483
46	47	0.707106781186547	-0.707106781186548	20
47	48	-1.83697019872103e-16	-1	98.1529418815351
48	49	0.707106781186547	-0.707106781186548	89.8721313855010
49	50	-1.83697019872103e-16	-1	50.0399840137178
50	17	0.707106781186547	-0.707106781186548	125.936491932233
50	51	1	-2.44929359829471e-16	159.477271107666
51	52	6.12323399573677e-17	1	74.6726188121240
52	53	0.707106781186548	0.707106781186548	46.1410879786226
53	48	-1	1.22464679914735e-16	219.665655030549
48	54	0.707106781186548	0.707106781186548	102.825094214033
54	47	-0.707106781186548	0.707106781186548	69.7782200972776
47	55	1	-2.44929359829471e-16	177.079078380254
55	53	-1.83697019872103e-16	-1	120.332871651931
55	10	0.707106781186548	0.707106781186548	64.6606526413088
10	56	-1	1.22464679914735e-16	56.0802995712398
56	57	-1	1.22464679914735e-16	77.7817459305202
57	58	-0.707106781186548	-0.707106781186548	38.4707681216965
16	59	0.707106781186547	-0.707106781186548	204.166598639444
59	60	0.707106781186547	-0.707106781186548	96.2548700066651
60	61	0.707106781186547	-0.707106781186548	45.1884941090900
61	62	1	-2.44929359829471e-16	64.5600495657566
62	63	-1.83697019872103e-16	-1	43.0116263352131
63	64	-1.83697019872103e-16	-1	119.402680036058
62	65	-0.707106781186548	0.707106781186548	149.402141885583
65	15	-0.707106781186548	0.707106781186548	192.751134887244
59	65	0.707106781186548	0.707106781186548	60.9261848469113
65	66	1	-2.44929359829471e-16	98.0204060387428
66	67	1	-2.44929359829471e-16	88.8425573697651
14	68	-1.83697019872103e-16	-1	123.130012588321
69	70	6.12323399573677e-17	1	96.0052081901934
70	14	-1	1.22464679914735e-16	44.9110231457712
14	71	0.707106781186548	0.707106781186548	84.8999411085247
71	72	0.707106781186547	-0.707106781186548	70.2922470838754
72	73	-1.83697019872103e-16	-1	103.585713299702
73	74	-1.83697019872103e-16	-1	79.2275204711090
74	75	1	-2.44929359829471e-16	30.6757233009631
75	76	6.12323399573677e-17	1	71.8470597867442
76	77	0.707106781186548	0.707106781186548	55.5697759577992
77	73	-0.707106781186548	-0.707106781186548	68.8767014300790
78	20	6.12323399573677e-17	1	114.437756006432
78	79	-0.707106781186548	-0.707106781186548	103.947101933030
79	80	0.707106781186547	-0.707106781186548	83.0060238777885
80	81	1	-2.44929359829471e-16	96.5660395784647
81	82	6.12323399573677e-17	1	113.441614938212
82	83	0.707106781186547	-0.707106781186548	203.403539791644
83	84	-0.707106781186548	0.707106781186548	274.694375624984
84	85	0.707106781186547	-0.707106781186548	218.036694160065
85	86	6.12323399573677e-17	1	60.0166643515791
86	87	-1.83697019872103e-16	-1	182.879741907079
87	88	0.707106781186548	0.707106781186548	82.8552955476180
88	89	0.707106781186547	-0.707106781186548	84.5990543698007
89	90	1	-2.44929359829471e-16	46.0108682812891
90	91	1	-2.44929359829471e-16	42.4499705538236
91	61	6.12323399573677e-17	1	113.110565379283
61	92	-1	1.22464679914735e-16	102.591422643089
92	93	-0.707106781186548	0.707106781186548	96.6488489326179
93	59	1	-2.44929359829471e-16	92.7200086281273
59	94	-1	1.22464679914735e-16	155.232084312922
94	17	6.12323399573677e-17	1	120.503111991233
17	95	-0.707106781186548	-0.707106781186548	116.275534829989
95	96	-1	1.22464679914735e-16	126.035709225600
96	97	0.707106781186548	0.707106781186548	97.0463806640928
97	95	0.707106781186547	-0.707106781186548	60.3075451332584
98	66	6.12323399573677e-17	1	106.230880632705
66	66	0.707106781186548	0.707106781186548	0
67	99	-1.83697019872103e-16	-1	197.205476597381