1      408.5     303
2      395       428
3      455       449.5
4      455       428.017
5      479       449.5
6      495       442.069
7      495       482
8      495       466.5
9      495       547
10     495       425.48
11     499.5     384
12     544.5     547.02
13     520.5     216.5
14     499.5     309
15     544.5     487.5
16     554       185.5
17     544.5     425.5
18     567       260.5
19     561       619
20     581.5     316
21     561       563
22     567       216.522
23     545.5     468.717
24     608       178
25     581.5     369.359
26     598       560
27     581.5     259
28     581.5     313.5
29     634       700
30     646       125
31     634       619
32     666       618.215
33     666       560
34     672       346
35     671.5     560
36     671.5     504.659
37     671.5     453
38     693       700.017
39     671.5     370.5
40     678       368
41     678       251
42     680       222.5
43     730       619
44     681       195.5
45     707.5     195.538
46     707.5     155.5
47     730       618
48     730       573.356
49     739       756
50     730       504.676
51     739       729.668
52     739       633
53     789       756
54     809.5     619.125
55     774.5     220.5
56     809.481   472.546
57     809.5     556.189
58     809.5     524.5
59     842.197   756
60     842       750.925
61     842       656
62     842       604.817
63     842       584.5
64     923       584.5
65     893       793.991
66     949       509.5
67     949       420.5
68    1000       584.5
69    1001       794
70    1000.02    651
71    1005.5     275
72    1000.02    781
73     985.5     420.5
74     985.5     342
75    1027       539
76    1027       584.5
77    1008       808.413
78    1043       619
79    1027       619
80    1089       551
81    1089       619
82    1108       808.423
83    1088.99    486.963
84    1089       568
85    1089       581.328
86    1116       568
87    1116       487
88    1093       393
89    1097.5     447.5
90    1108       714.972
91    1144       808.451
92    1182.98    594
93    1182.98    558
94    1182.98    514
95    1144       715
96    1183       639
97    1183       597
98    1185       714.981
99    1217.99    482
100   1218       665
101   1254       721
;