2    12    420.0047618777695
12    8    265
8    15    433.01039248498415
15    17    297.1952220342716
17    19    186.59314028120113
19    22    233.43093196955715
22    23    383.25578925783265
23    21    184.16568627164492
21    16    273.7535387899123
16    14    308.0259729308553
14    9    377.8901956923127
9    5    237.39418695502476
5    10    437.73279520730455
10    1    417.8097653238852
1    3    318.9874605685935
3    2    91.24143795401397
2    7    229.71504086562283
7    3    186.4242473499625
3    8    273.70787347096905
8    7    114.58621208504974
7    12    248.2438317461282
12    15    348.28293096274473
15    23    628.984101547885
23    14    630.1571232636677
10    14    311.0064308014312
10    9    371.40005385075244
21    14    474.5239719972006
13    14    200.2498439445428
13    18    339.52466773417217
13    11    201.16162655934158
11    10    131.88252348207476
11    6    302.2730553656229
5    4    179.2344832893492
16    20    225.00222221124633
20    21    149.05368160544967
21    24    209.8809186184575
24    23    238.05251521460553
20    24    163.44112089679268