3    2    312.07851576165893
2    1    368.4901626909462
1    5    470.02659499224086
5    10    494.0253029957069
10    9    393.7321424522006
9    8    288.0433995077825
8    6    455.0175820778797
6    3    454.0275322048212
3    4    549.6071324136906
4    6    337.37960815674677
4    9    478.1223692738084
4    5    353.0509878190401
2    4    445.44921147084773
4    1    580
4    7    281.73746644704534
7    6    259.8788179132728
7    9    287.5708608325955
7    8    296.05742686174926
4    10    609.183059514954