12    12    0
12    23    974.9882050568611
23    15    628.984101547885
15    17    297.1952220342716
17    19    186.59314028120113
19    22    233.43093196955715
22    23    383.25578925783265
23    21    184.16568627164492
21    16    273.7535387899123
16    14    308.0259729308553
14    21    474.5239719972006
21    17    670.8837455173609
17    16    791.6072258382078
16    12    893.5860339101511
12    23    974.9882050568611
23    12    974.9882050568611
12    22    801.5940369040534
22    23    383.25578925783265
23    23    0
23    22    383.25578925783265
22    12    801.5940369040534
12    15    348.28293096274473
15    23    628.984101547885
23    14    630.1571232636677
16    14    308.0259729308553
16    21    273.7535387899123
21    14    474.5239719972006
13    14    200.2498439445428
13    18    339.52466773417217
13    14    200.2498439445428
14    16    308.0259729308553
14    19    782.7113133201855
17    15    297.1952220342716
16    20    225.00222221124633
20    21    149.05368160544967
21    24    209.8809186184575
24    23    238.05251521460553
20    24    163.44112089679268