1        2        312.07851576165893
2        3        368.4901626909462
3        4        470.0265949922408
4        5        494.0253029957069
5        6        393.7321424522006
6        7        288.0433995077825
7        8        455.0175820778797
8        1        454.0275322048212
1        9        549.6071324136906
9        8        337.37960815674677
9        6        478.1223692738084
9        4        353.0509878190401
2        9        445.44921147084773
9        3        580
9        10        281.73746644704534
10        8        259.8788179132728
10        6        287.5708608325955
10        7        296.05742686174926
9        5        609.183059514954