data;

param n:=263;
param  w1:     1    2:=
1	0.707106781	0.707106781
2	0	1
3	-0.707106781	0.707106781
4	-1	0
5	-0.707106781	-0.707106781
6	0	-1
7	0.707106781	-0.707106781
8	1	0;

param: E : l :=
179    231    288.0017361254215
189    258    1198.4331437473556
258    157    1905.8323641087081
157    248    813.23551325249
248    229    352.8809997763341
229    211    242.78591392845848
211    179    223.0807028849896
179    190    39.395431207184416
190    186    60.440052945046304
186    202    108.40664186294121
202    166    337.50259258178494
166    161    37.64306044943742
161    159    515.2805061677105
159    194    158.7608263860333
194    232    188.40912929043162
232    184    308.2742285714513
75    189    437.37055229391706
177    229    238.28764130667182
177    162    367.1430239380417
162    163    30.01666203960727
163    164    66.37017402418047
164    169    34.713109915419565
169    168    33
168    166    550.0145452976033
168    170    24.515301344262525
170    161    562.3557593194708
195    200    46.27094120411123
200    198    67.02984409947557
198    199    52.009614495783374
199    182    55.08175741568164
182    162    101.17806086301516
209    199    55.14526271584895
209    218    46.04345773292581
218    227    102.08329931972223
227    233    40.24922359457972
233    228    90.0777441999665
228    218    52.392747589718944
207    212    24.18677324483789
212    215    22.02271554554524
215    253    429.77319598347066
253    231    340.14702701626624
231    254    909.2067972049018
263    262    139.6030085635693
262    260    74.62573282722254
260    261    75.0066663703967
226    261    774.7063960049404
226    216    159.42396306791335
216    234    209.7450833741993
235    234    248.20153102283376
251    235    273.2215218600748
251    252    226.01991062736045
252    259    989.4907781360827
259    217    1445.2546488134706
217    208    67.20863039818622
208    193    104.9952379872535
193    181    75.8023746329889
181    196    635.5611693335492
196    221    144.62710672565578
221    201    159.22625411590286
201    126    415.1060105346477
126    203    384.0052082814139
203    122    363.40748477410983
122    183    317.0394297039094
183    121    257.1108710111671
121    117    41.30375285520229
117    119    34.058772731852805
119    116    33.24154027718932
116    230    490.9358410108541
230    210    278.0017985583113
210    184    107.46627377926528
210    82    613.9657970772447
82    73    31.016124838211347
73    193    735.5678078864331
193    169    898.5816601817389
169    209    260.31711430484165
209    207    223.1434516175465
209    163    207.5885353289049
78    121    146.81961721824425
169    177    236.40854472062946
177    157    1001.698557462427
157    75    606.8014502061108
75    231    626.2028425357132
190    120    287.68906827613995
120    189    243.09051812167425
189    121    472.8477556045297
214    190    135.20355025765517
211    75    508.19287678327606
190    211    190.27611515818478
190    186    60.440052945046304
186    194    161.55494421358546
194    177    211.8962010037314
103    178    254.01771591218454
178    161    574.9330395780032
103    105    31.78049716414141
105    184    389.50353013952093
103    189    308.7021217881513
189    213    137.56816492432182
213    189    137.56816492432182
258    120    1383.8905303743832
250    258    321.97204847626136
258    213    1066.355006563232
189    250    1146.1413525550568
250    213    1030.4877486054627
213    178    157.87653403846943
120    197    379.0329800853076
197    189    289.4563870430224
189    179    151.1092320180843
189    101    304.685083326867
101    90    39.21734310225516
90    189    338.4981536161411
90    88    20.615528128088304
88    120    112.25417586866202
120    189    243.09051812167425
179    258    1116.4676439652383
258    189    1198.4331437473556
231    254    909.2067972049018
254    157    1740.1795884565122
184    198    48.09365862770654
210    209    41.10960961516273
197    199    86.005813724384
195    187    35.01428280098073
187    164    82.02438661684472
189    187    37.107950630558946
202    169    305.9101175508533
229    230    91.66242414979546
157    109    535.3027181023078
109    107    38.01315561749642
102    109    24.69817807079631
258    105    1297.2220319007747
182    251    1227.3524351677272
251    117    915.0000000245869
117    75    596.1912444935797
231    251    963.2886379967305
208    117    689.0718395050484
177    183    39.44616584663204
177    201    78.23042886243178
179    163    254.90782651370841
162    203    473.92509960043793
230    118    632.1676992697428
258    233    1181.3297592562396
254    258    197.59048560066802
263    258    466.6015430727915
258    248    1109.3570209935865
263    257    428.22424032275427
254    250    259.53805115972426
250    232    1019.2413845735645
232    231    62.12889830474719
232    230    42.720018726587654
253    229    468.8251273126142
229    221    91.58602513880832
221    225    36.61966684773519
225    229    100.62305899298833
215    213    56.71860368627009
206    207    60.00000003678724
211    212    57.42821602446979
170    178    39.293765399414895
178    194    68.4470598345904
194    195    70.00000003771856
207    194    51.623638002334225
170    179    100.17983832357629
179    190    39.395431207184416
190    178    93.91485505457467
190    196    73.16419889536138
196    188    31.953090617340916
188    186    25.238858928247925
186    179    46.09772228646444
173    179    37.589892258425
172    186    59.93329625508679
177    188    47.885279575251516
183    177    39.44616584663204
196    201    28.635642126552707
201    204    39.204591567777804
201    202    50.59644256269407
196    205    52.55473337388365
205    214    45.310043043301135
216    203    97.34988441118087
226    255    548.5489951036914
221    166    525.9553212947255
196    204    51.00000000021913
204    161    431.7406628971767
204    172    143.2236014070567
172    166    368.43995440141197
126    197    872.5783632195635
197    178    342.2352991770544
178    106    523.2829062741148
197    85    955.1230287271405
252    201    650.5520732523539
252    221    676.9054586979814
221    210    272.40594707575303
210    234    749.5365234298623
234    221    477.25255365219334
252    199    1004.0841598639628
199    218    101.01980003937977
218    212    224.01785643205656
212    119    463.00107991860324
119    167    554.6827922607869
167    174    33.10589071429678
174    181    32.2024843937931
180    174    43.266615304792964
167    180    58.309518948277315
212    233    190.41270965983338
218    162    240.4163056036973
168    199    261.19150062741323
252    263    589.7338382687005
117    262    1201.4062593505384
119    86    116.73045876267616
86    82    118.42297077253959
82    217    899.2802677681657
82    183    333.00150149819467
86    73    113.88590784718886
82    89    61.09828150762608
230    213    89.2692556257829
104    116    33.615472642308355
119    188    269.68314740331095
121    206    451.86834363778013
206    255    724.0338389986023
206    225    95.08417323613851
103    76    99.2975327053543
76    126    416.6737332436951
126    226    511.85642518491807
226    253    515.9864339003553
253    227    339.8072983279914
227    195    171.75855146105536
195    194    70.00000003771856
195    170    140.9290601692039
227    200    152.59095648187068
200    228    198.60010070551394
228    253    343.40209668217875
226    260    729.756123657824
260    181    1016.0127951761456
181    126    353.509547254764
260    215    858.6530149254454
260    235    788.0640836637097
235    201    632.7945953978104
201    181    608.2713210124188
76    74    33.73425558641048
189    81    366.5214864112092
230    121    538.8144392855685
230    79    565.7923647414734
214    166    438.00114153501914
166    161    37.64306044943742
161    184    770.1662158284839
166    186    400.5246559192906
179    211    223.0807028849896
173    194    162.0493751912579
183    205    133.30416347586447
205    122    449.72880715173073
183    87    410.27429849231834
87    122    106.9626102978183
260    249    624.8367786934992
249    262    699.378295351638
87    198    770.7197934773928
87    205    543.5301279639411
205    192    164.92422502985647
192    229    228.17756243767704
229    249    241.20530674095875
249    253    232.6220109960038
253    259    337.66847646791655
229    262    806.3808033464709
260    229    734.1859437532195
198    164    166.90116836020053
164    229    358.11311064886723
229    248    352.8809997763341
119    103    216.1203368409568
217    185    154.95160536150354
185    191    101.20276676150905
165    171    46.57252408878007
171    185    75
185    175    55.97320787662612
175    165    54.67174773134658
208    249    977.5300506570484
193    220    147.56693394234856
220    235    90.42676594119901
235    252    296.58894110866777
252    254    169.00000000033066
254    251    161.61683080638997
251    250    122.01639234135715
250    258    321.97204847626136
250    255    528.485572175044
255    252    219.20766409760466
254    262    503.7003077210605
262    263    139.6030085635693
262    260    74.62573282722254
260    261    75.0066663703967
261    257    218.56349191939628
257    255    350.0771343575584
255    252    219.20766409760466
193    226    670.3700470689784
88    77    39.35733732406858
77    116    379.3375804858177
116    122    200.122462506405
122    120    523.0086041259467
259    116    1214.675676864275
203    77    580.5385430675352
101    250    1355.110696611182
250    258    321.97204847626136
211    187    103.00485425458993
187    248    382.12301684052517
216    261    822.0231140277946
261    196    931.6490755671524
196    121    339.072263667085
216    121    365.3080891523478
159    214    252.73306077749405
216    159    376.94164004810244
166    232    606.9019690189004
232    159    332.4830822711332
119    202    297.7045515219192
255    256    1013.2842641632917
157    257    1334.4197240952856
;

param  v:     1    2:=
1    -743    69.00000001396984
2    -742    -544.9999999613501
3    -554    -449.99999996088445
4    -244    908.0000000293367
5    -192    741.0000000293367
6    -154    -296.99999995948747
7    -12    -967.9999999953434
8    30    -768.9999999930151
9    42    325.0000000349246
10    85    805.000000053551
11    128    113.00000003585592
12    140    93.00000003539026
13    150    -1040
14    165    124.0000000349246
15    176    100.00000001350418
16    200    85.00000001396984
17    201    133.99999999953434
18    205    -27.999999965075403
19    210    105.99999999953434
20    227    83.0000000144355
21    245    -140.99999995948747
22    249    -643.9999999837019
23    250    -340
24    268    -499.9999999930151
25    286    -126.99999995576218
26    319    -515.9999999841675
27    340    67.0000000144355
28    357    26.0000000144355
29    372    112.0000000144355
30    376    -411.99999998835847
31    376    -520.9999999837019
32    377    649.0000000293367
33    385    -279.9999999557622
34    391    -556.9999999837019
35    400    42.0000000144355
36    406    -636.9999999837019
37    416    128.0000000144355
38    431    -350.9999999566935
39    432    -621.9999999846332
40    436    157.0000000144355
41    439    55.0000000144355
42    451    779.0000000540167
43    452    910.0000000293367
44    454    -393.9999999841675
45    459    -232.99999998463318
46    460    101.0000000144355
47    472    240.99999999953434
48    474    64.0000000144355
49    479    210.00000000046566
50    482    -558.9999999846332
51    482    174.00000001490116
52    485    671.0000000209548
53    485    -453.9999999818392
54    486    307.99999999953434
55    493    -179.99999998463318
56    506    486.00000001722947
57    506    -41.999999954830855
58    508    117.00000001350418
59    510    251.99999999953434
60    514    -509.9999999846332
61    514    170.0000000144355
62    516    77.0000000144355
63    522    278.99999999953434
64    523    359.00000000046566
65    525    -112.99999998370185
66    533    221.0000000349246
67    536    499.00000002095476
68    537    -804.9999999846332
69    542    333.99999999953434
70    544    191.0000000144355
71    545    -558.9999999846332
72    545    -157.99999998463318
73    545    -29.999999955762178
74    546    127.00000001350418
75    549    460.00000005355105
76    553    94.00000001396984
77    554    303.00000000046566
78    558    -220.99999995576218
79    568    195.0000000144355
80    570    -328.9999999818392
81    574    164.0000000144355
82    574    -18.9999999566935
83    575    375.0000000349246
84    578    434.0000000540167
85    584    -342.9999999818392
86    584    -136.99999998463318
87    588    -277.9999999892898
88    589    321.0000000349246
89    596    -75.99999998463318
90    597    302.0000000349246
91    605    -886.9999999967404
92    607    -307.99999998277053
93    608    473.00000002095476
94    612    247.0000000349246
95    612    -56.999999983701855
96    619    426.0000000540167
97    623    359.99999999953434
98    623    219.0000000349246
99    624    -342.9999999818392
100    632    191.0000000349246
101    634    315.0000000349246
102    643    485.00000002002344
103    647    126.00000003539026
104    656    -69.99999998416752
105    660    97.00000003539026
106    662    -270.9999999818392
107    665    532.0000000209548
108    666    417.0000000540167
109    666    494.00000002095476
110    678    57.00000005401671
111    679    29.000000044237822
112    681    301.00000003445894
113    682    367.99999999953434
114    684    330.0000000349246
115    685    -23.999999955762178
116    685    -52.99999995576218
117    687    -119.99999995576218
118    688    600.0000000172295
119    689    -85.99999995576218
120    689    270.00000003539026
121    692    -160.99999995483086
122    692    -252.99999995483086
123    694    -188.99999995483086
124    694    -331.9999999552965
125    697    -274.99999995483086
126    697    -296.9999999543652
127    698    245.0000000349246
128    698    409.00000005355105
129    700    1300
130    704    222.00000003585592
131    706    79.00000005355105
132    716    472.00000002095476
133    722    406.00000005448237
134    723    -372.99999995483086
135    726    -135.99999998370185
136    727    180.0000000349246
137    729    -155.99999998416752
138    733    366.00000005448237
139    733    150.0000000349246
140    737    94.00000005355105
141    743    338.00000005355105
142    745    284.00000005448237
143    749    -417.99999995483086
144    751    -110.99999998463318
145    757    261.00000005355105
146    761    36.00000001350418
147    763    -375.9999999818392
148    774    395.00000005448237
149    775    434.00000001722947
150    778    365.00000001722947
151    778    -399.9999999818392
152    781    230.00000005448237
153    786    -173.99999998835847
154    795    514.0000000172295
155    795    -137.99999998463318
156    799    201.00000005355105
157    801    1012.0000000284053
158    808    174.00000005355105
159    815    143.00000005355105
160    816    -317.9999999818392
161    832    -371.9999999818392
162    832    377.00000005355105
163    833    347.00000005355105
164    840    281.00000005355105
165    842    -823.9999999967404
166    843    -335.9999999818392
167    846    -617.9999999841675
168    847    214.00000005355105
169    847    247.00000005355105
170    852    190.00000005355105
171    854    -868.9999999967404
172    861    32.00000001722947
173    863    82.00000001722947
174    876    -603.9999999846332
175    877    -781.9999999967404
176    887    -686.9999999841675
177    887    14.000000017229468
178    890    200.0000000167638
179    896    100.00000001722947
180    900    -639.9999999837019
181    902    -584.9999999548309
182    906    446.00000005355105
183    907    -19.999999982770532
184    912    394.0000000204891
185    914    -823.9999999967404
186    915    58.00000001722947
187    922    283.00000002095476
188    929    37.00000001722947
189    931    247.00000002095476
190    932    116.00000001722947
191    935    -922.9999999976717
192    944    -84.99999998835847
193    947    -645.9999999548309
194    957    214.0000000167638
195    957    284.00000005448237
196    959    48.00000001722947
197    960    535.0000000209548
198    960    397.00000005355105
199    961    449.00000005355105
200    962    330.00000005355105
201    965    20.000000017229468
202    981    -27.999999982770532
203    1003    -64.99999998183921
204    1004    24.000000016763806
205    1008    67.00000001722947
206    1008    162.00000001722947
207    1008    222.0000000540167
208    1015    -725.9999999548309
209    1016    445.00000005355105
210    1019    404.0000000204891
211    1025    282.00000001629815
212    1032    225.00000005355105
213    1045    170.0000000167638
214    1050    50
215    1054    226.00000005355105
216    1057    -145.99999995017424
217    1061    -774.9999999548309
218    1062    447.00000005448237
219    1069    -696.9999999967404
220    1071    -565.9999999976717
221    1073    137.00000001629815
222    1078    184.0000000167638
223    1087    231.00000005448237
224    1103    -819.9999999548309
225    1103    158.00000001722947
226    1111    4.00000005075708
227    1112    358.00000005448237
228    1113    459.00000005448237
229    1121    59.00000001164153
230    1132    150.00000001722947
231    1140    253.0000000540167
232    1144    191.00000001722947
233    1148    376.00000005355105
234    1150    -333.9999999492429
235    1160    -581.9999999534339
236    1167    -788.9999999548309
237    1170    289.00000005355105
238    1177    -655.9999999548309
239    1189    198.0000000167638
240    1197    316.00000001722947
241    1198    -117.99999998183921
242    1214    167.00000005355105
243    1224    270.00000005355105
244    1241    104.00000005355105
245    1250    80.00000005308539
246    1287    224.00000001722947
247    1292    -926.999999998603
248    1295    366.0000000167638
249    1313    205.00000001164153
250    1417    -790.9999999967404
251    1419    -668.9999999967404
252    1422    -442.99999999674037
253    1450    393.00000001117587
254    1541    -562.999999997206
255    1576    -286.99999999953434
256    1600    -1300
257    1711    36.00000000046566
258    1712    -661.9999999967404
259    1776    481.0000000121072
260    1823    -155.99999999953434
261    1878    -104.99999999953434
262    1886    -195.99999999953434
263    1991    -287.99999999953434;