1    621    99.99999999860302
2    799.5    195.49999999813735
3    980.5    299.99999999953434
4    1118    417.999999998603
5    1122.5    422.499999998603
6    1005    341.99999999813735
7    985.5    395.499999998603
8    974    422.499999998603
9    944.5    484.49999999813735
10    898    570.5
11    867    559.499999998603
12    823    545.9999999995343
13    754    524.9999999995343
14    670.5    497.9999999990687
15    692.5    427.9999999990687
16    815    491.99999999953434
17    834.5    524.499999998603
18    696.5    395.5
19    700.5    343
20    703    276
21    705    247.49999999953434
22    706    220.49999999953434
23    707.5    201.99999999860302
24    710    155.49999999953434
25    583    152.99999999906868
26    529    160.49999999860302
27    520.5    191.49999999953434
28    565    212.49999999860302
29    602    233.99999999953434
30    559    340.9999999990687
31    542    260.49999999953434
32    589    353.49999999953434
33    647    320.999999998603
34    570.5    464.49999999953434
35    539    450.499999998603
36    506.5    437.99999999953434
37    470    429.49999999953434
38    445.5    422.9999999990687
39    395    402.99999999953434
40    489    466.499999998603
41    484    481.9999999990687
42    493.5    546.9999999995343
43    519.5    553.9999999995343
44    528    487.49999999953434
45    454    474.49999999953434
46    430    467.49999999953434
47    517    358.99999999953434
48    524.5    333.99999999953434
49    606.5    313.49999999953434
50    383.5    277.99999999953434
51    797    598.9999999995343
52    764    657.9999999995343
53    705    643.9999999995343
54    713    617.9999999995343
55    723    590.9999999995343
56    649    563
57    646    584.9999999995343
58    641    602.0000000004657
59    634    623.9999999995343
60    598    549.0000000004657
61    547    596.9999999995343
62    561    563
63    858    622.9999999995343
64    856    656.0000000004657
65    846    730.0000000004657
66    729    781.0000000004657
67    789    764.9999999995343
68    845    751.9999999995343
69    918    811.0000000004657
70    976    819
71    982    755.9999999995343
72    978    651.0000000004657
73    975    586.9999999995343
74    1027    589.9999999995343
75    1052    598
76    1073    600
77    1095    605
78    1159    619.0000000004657
79    1183    663.9999999995343
80    1210    690.9999999995343
81    1243    640
82    1236    507.00000000046566
83    1033    816.0000000004657
84    1083    822.0000000004657
85    1126    830.0000000004657
86    1169    739.9999999995343
87    1126    730.0000000004657
88    1279    721.0000000004657
89    1208    571.9999999995343
90    1160    557.9999999995343
91    1162    514
92    1089    543.0000000004657
93    1085    482.9999999990687
94    1116    487
95    1116    546.0000000004657
96    1072    550.9999999995343
97    1043    643.9999999995343
98    1023    538.9999999995343
99    756    712
100    693    693.0000000004657
101    614    675