1    383.5    277.99999999953434
2    395    402.99999999953434
3    430    467.49999999953434
4    445.5    422.9999999990687
5    454    474.49999999953434
6    470    429.49999999953434
7    484    481.9999999990687
8    489    466.499999998603
9    493.5    546.9999999995343
10    506.5    437.99999999953434
11    517    358.99999999953434
12    519.5    553.9999999995343
13    520.5    191.49999999953434
14    524.5    333.99999999953434
15    528    487.49999999953434
16    529    160.49999999860302
17    539    450.499999998603
18    542    260.49999999953434
19    547    596.9999999995343
20    559    340.9999999990687
21    561    563
22    565    212.49999999860302
23    570.5    464.49999999953434
24    583    152.99999999906868
25    589    353.49999999953434
26    598    549.0000000004657
27    602    233.99999999953434
28    606.5    313.49999999953434
29    614    675
30    621    99.99999999860302
31    634    623.9999999995343
32    641    602.0000000004657
33    646    584.9999999995343
34    647    320.999999998603
35    649    563
36    670.5    497.9999999990687
37    692.5    427.9999999990687
38    693    693.0000000004657
39    696.5    395.5
40    700.5    343
41    703    276
42    705    247.49999999953434
43    705    643.9999999995343
44    706    220.49999999953434
45    707.5    201.99999999860302
46    710    155.49999999953434
47    713    617.9999999995343
48    723    590.9999999995343
49    729    781.0000000004657
50    754    524.9999999995343
51    756    712
52    764    657.9999999995343
53    789    764.9999999995343
54    797    598.9999999995343
55    799.5    195.49999999813735
56    815    491.99999999953434
57    823    545.9999999995343
58    834.5    524.499999998603
59    845    751.9999999995343
60    846    730.0000000004657
61    856    656.0000000004657
62    858    622.9999999995343
63    867    559.499999998603
64    898    570.5
65    918    811.0000000004657
66    944.5    484.49999999813735
67    974    422.499999998603
68    975    586.9999999995343
69    976    819
70    978    651.0000000004657
71    980.5    299.99999999953434
72    982    755.9999999995343
73    985.5    395.499999998603
74    1005    341.99999999813735
75    1023    538.9999999995343
76    1027    589.9999999995343
77    1033    816.0000000004657
78    1043    643.9999999995343
79    1052    598
80    1072    550.9999999995343
81    1073    600
82    1083    822.0000000004657
83    1085    482.9999999990687
84    1089    543.0000000004657
85    1095    605
86    1116    546.0000000004657
87    1116    487
88    1118    417.999999998603
89    1122.5    422.499999998603
90    1126    730.0000000004657
91    1126    830.0000000004657
92    1159    619.0000000004657
93    1160    557.9999999995343
94    1162    514
95    1169    739.9999999995343
96    1183    663.9999999995343
97    1208    571.9999999995343
98    1210    690.9999999995343
99    1236    507.00000000046566
100    1243    640
101    1279    721.0000000004657