30    55    202.441349530947
55    72    589.4628911149251
72    101    299.05517885489763
101    97    165.05150711301468
100    73    355.0866091542782
73    67    29.34706118165838
67    66    68.66039615340316
66    64    97.76630298993808
64    63    32.89376840726422
63    57    46.024450023600004
57    50    72.12489168102785
50    36    87.75676612105272
36    37    73.37574531137656
37    56    138.21088958566037
56    58    37.90118731569585
58    57    24.382370681294443
37    39    32.74522865914153
39    40    52.652160449501025
40    41    67.04662556758542
41    42    28.570089254787824
42    44    27.018512172212592
44    45    18.560711194198863
45    46    46.56715580657023
46    44    65.12296062065974
56    42    268.1049234907856
50    44    308.2600363329635
44    27    104.87254168751704
27    41    109.38464243228624
27    41    109.38464243228624
39    44    175.2576674504228
39    25    115.41338743854249
25    41    137.84864888684191
34    40    57.84678037766205
36    45    298.3035366875084
45    58    346.605323098189
58    64    78.41077732128743
64    100    351.93074602824913
100    101    88.63972021659048
101    55    711.3863226141244
67    73    29.34706118165838
73    66    97.98979538664786
66    57    136.17819208732297
57    37    175.93819937725263
37    58    171.68648752860582
64    67    166.3730747459261
100    97    76.47875522040961
97    72    291.43095237122634
72    101    299.05517885489763
64    63    32.89376840726422
63    36    205.899247205867
36    41    224.3663299151334
25    28    43.660622991432454
36    30    401.06639101322196
57    54    59.033888572581766
54    52    67.60177512462228
52    43    60.63827174318213
43    47    27.202941017470888
47    48    28.792360097775937
48    50    72.91776189653656
36    35    68.46349392282775
35    34    242.0082643230932
34    32    281.0640496417975
32    31    23.08679276034291
31    43    73.76313442364011
32    47    73.75635565814106
34    48    280.49242414101474
35    26    52.886671288586136
31    40    288.7615798539312
40    42    95.60596215764444
54    62    65.55150646628954
63    62    64.1346240350583
61    62    33.06055051056269
61    60    74.67261881037788
49    53    62.09669878528006
53    59    57.48912940721924
59    60    22.02271554461488
60    65    108.37435120913067
65    69    58.54912467315416
69    72    63.285069329650526
72    70    105.07616285249676
70    68    64.07027391949569
68    64    78.74801584792237
68    100    273.1904097878426
100    96    64.62197768544111
96    100    64.62197768544111
100    94    149.78985279383915
94    92    105.04284840053505
92    96    50.99999999917824
96    98    38.18376618407357
98    100    60.745370193558806
100    99    133.18408313261813
99    97    70.77428911602665
69    94    357.2408151373524
94    99    74.33034373654867
99    94    74.33034373654867
94    95    226.10838109143484
95    98    63.89053137985315
95    93    182.22239159883728
93    99    91.52595260310054
98    101    75.23961722427806
96    97    95.33624704172071
97    93    50
93    92    61.008196171609775
93    94    44.0454310906253
94    84    78.54934754679384
84    83    60.133185514885525
83    93    106.0660171783114
93    95    182.22239159883728
95    84    212.62408141984542
100    98    60.745370193558806
96    92    50.99999999917824
100    96    64.62197768544111
52    54    67.60177512462228
54    49    194.28844535982833
54    38    140.18559127162496
38    29    81.02468759592205
29    31    54.781383699642866
43    38    50.44799302342234
54    60    139.86421987143103